1	10
1	21
1	23
1	26
1	30
1	31
1	33
1	42
1	67
1	82
1	86
1	95
1	114
1	121
1	125
1	128
2	4
2	21
2	32
2	33
2	42
2	64
2	77
2	83
2	89
2	101
2	102
2	105
2	112
2	114
2	122
2	124
3	30
3	32
3	35
3	43
3	46
3	64
3	65
3	77
3	90
3	93
3	100
3	110
3	114
3	116
3	121
3	127
4	2
4	7
4	9
4	34
4	40
4	42
4	44
4	52
4	58
4	59
4	64
4	66
4	68
4	84
4	87
4	114
5	18
5	41
5	43
5	56
5	57
5	63
5	66
5	69
5	75
5	76
5	87
5	92
5	100
5	103
5	108
5	123
6	23
6	27
6	32
6	36
6	39
6	47
6	48
6	54
6	60
6	74
6	79
6	83
6	95
6	100
6	107
6	128
7	4
7	8
7	20
7	33
7	34
7	36
7	37
7	43
7	48
7	60
7	63
7	73
7	80
7	85
7	86
7	98
8	7
8	21
8	26
8	28
8	31
8	32
8	36
8	41
8	46
8	70
8	101
8	107
8	111
8	116
8	119
8	123
9	4
9	25
9	29
9	42
9	45
9	46
9	64
9	73
9	74
9	79
9	86
9	89
9	106
9	114
9	118
9	124
10	1
10	14
10	30
10	40
10	41
10	49
10	56
10	58
10	60
10	61
10	67
10	78
10	79
10	86
10	88
10	128
11	13
11	18
11	25
11	26
11	38
11	52
11	53
11	58
11	71
11	87
11	88
11	95
11	106
11	107
11	115
11	122
12	13
12	19
12	28
12	47
12	49
12	57
12	65
12	76
12	78
12	92
12	105
12	106
12	109
12	117
12	125
12	126
13	11
13	12
13	19
13	27
13	30
13	39
13	41
13	46
13	55
13	66
13	74
13	81
13	101
13	102
13	105
13	121
14	10
14	22
14	32
14	41
14	57
14	58
14	64
14	67
14	79
14	82
14	84
14	85
14	87
14	90
14	91
14	116
15	22
15	25
15	39
15	40
15	49
15	51
15	54
15	59
15	62
15	67
15	73
15	79
15	81
15	99
15	109
15	120
16	20
16	21
16	27
16	31
16	37
16	47
16	50
16	71
16	72
16	75
16	80
16	97
16	102
16	104
16	115
16	128
17	19
17	22
17	25
17	43
17	51
17	53
17	54
17	57
17	58
17	59
17	95
17	98
17	111
17	123
17	126
17	128
18	5
18	11
18	30
18	34
18	38
18	41
18	52
18	59
18	63
18	70
18	83
18	93
18	95
18	99
18	118
18	126
19	12
19	13
19	17
19	22
19	24
19	31
19	35
19	42
19	52
19	81
19	93
19	111
19	119
19	120
19	124
19	125
20	7
20	16
20	24
20	51
20	56
20	67
20	77
20	81
20	86
20	95
20	102
20	114
20	116
20	117
20	124
20	125
21	1
21	2
21	8
21	16
21	26
21	39
21	44
21	46
21	49
21	56
21	67
21	71
21	79
21	93
21	115
21	125
22	14
22	15
22	17
22	19
22	29
22	42
22	45
22	55
22	68
22	70
22	87
22	95
22	96
22	98
22	118
22	127
23	1
23	6
23	24
23	35
23	43
23	54
23	57
23	59
23	66
23	85
23	90
23	91
23	98
23	111
23	115
23	125
24	19
24	20
24	23
24	26
24	29
24	35
24	52
24	72
24	73
24	77
24	94
24	105
24	106
24	112
24	115
24	118
25	9
25	11
25	15
25	17
25	35
25	45
25	54
25	55
25	57
25	61
25	67
25	74
25	95
25	106
25	107
25	126
26	1
26	8
26	11
26	21
26	24
26	31
26	40
26	47
26	59
26	62
26	75
26	81
26	105
26	115
26	120
26	124
27	6
27	13
27	16
27	29
27	39
27	47
27	48
27	49
27	67
27	73
27	76
27	92
27	93
27	113
27	120
27	124
28	8
28	12
28	29
28	40
28	53
28	62
28	64
28	69
28	77
28	101
28	102
28	103
28	111
28	112
28	122
28	127
29	9
29	22
29	24
29	27
29	28
29	54
29	62
29	75
29	77
29	78
29	86
29	88
29	89
29	101
29	110
29	122
30	1
30	3
30	10
30	13
30	18
30	34
30	68
30	73
30	78
30	79
30	85
30	99
30	106
30	116
30	118
30	125
31	1
31	8
31	16
31	19
31	26
31	39
31	51
31	77
31	80
31	83
31	93
31	99
31	112
31	118
31	121
31	127
32	2
32	3
32	6
32	8
32	14
32	36
32	37
32	44
32	46
32	48
32	54
32	61
32	75
32	80
32	83
32	90
33	1
33	2
33	7
33	54
33	56
33	66
33	67
33	69
33	92
33	94
33	99
33	102
33	116
33	117
33	121
33	124
34	4
34	7
34	18
34	30
34	38
34	58
34	68
34	70
34	80
34	84
34	86
34	88
34	89
34	107
34	120
34	123
35	3
35	19
35	23
35	24
35	25
35	43
35	45
35	53
35	59
35	67
35	84
35	86
35	107
35	112
35	113
35	125
36	6
36	7
36	8
36	32
36	38
36	42
36	60
36	64
36	74
36	82
36	91
36	107
36	109
36	113
36	115
36	125
37	7
37	16
37	32
37	38
37	55
37	58
37	59
37	63
37	72
37	75
37	106
37	108
37	111
37	115
37	121
37	123
38	11
38	18
38	34
38	36
38	37
38	63
38	65
38	79
38	85
38	91
38	96
38	97
38	98
38	99
38	108
38	113
39	6
39	13
39	15
39	21
39	27
39	31
39	49
39	59
39	62
39	70
39	77
39	83
39	93
39	102
39	104
39	114
40	4
40	10
40	15
40	26
40	28
40	43
40	46
40	84
40	87
40	92
40	93
40	95
40	97
40	100
40	105
40	114
41	5
41	8
41	10
41	13
41	14
41	18
41	55
41	59
41	71
41	78
41	82
41	85
41	88
41	113
41	126
41	127
42	1
42	2
42	4
42	9
42	19
42	22
42	36
42	57
42	58
42	65
42	77
42	86
42	92
42	95
42	102
42	114
43	3
43	5
43	7
43	17
43	23
43	35
43	40
43	58
43	76
43	84
43	90
43	103
43	114
43	116
43	125
43	127
44	4
44	21
44	32
44	46
44	51
44	65
44	72
44	74
44	88
44	98
44	101
44	113
44	122
44	123
44	126
44	127
45	9
45	22
45	25
45	35
45	52
45	55
45	57
45	69
45	82
45	91
45	97
45	102
45	112
45	117
45	118
45	122
46	3
46	8
46	9
46	13
46	21
46	32
46	40
46	44
46	55
46	62
46	69
46	78
46	90
46	91
46	103
46	123
47	6
47	12
47	16
47	26
47	27
47	50
47	63
47	65
47	67
47	99
47	100
47	108
47	109
47	111
47	117
47	119
48	6
48	7
48	27
48	32
48	52
48	57
48	61
48	63
48	70
48	80
48	92
48	101
48	106
48	112
48	119
48	124
49	10
49	12
49	15
49	21
49	27
49	39
49	50
49	51
49	53
49	55
49	71
49	90
49	94
49	105
49	108
49	124
50	16
50	47
50	49
50	56
50	60
50	65
50	66
50	71
50	89
50	93
50	98
50	99
50	105
50	114
50	121
50	128
51	15
51	17
51	20
51	31
51	44
51	49
51	56
51	58
51	61
51	62
51	70
51	99
51	102
51	109
51	114
51	122
52	4
52	11
52	18
52	19
52	24
52	45
52	48
52	54
52	68
52	70
52	74
52	85
52	87
52	94
52	106
52	110
53	11
53	17
53	28
53	35
53	49
53	55
53	77
53	81
53	97
53	104
53	105
53	107
53	111
53	115
53	120
53	121
54	6
54	15
54	17
54	23
54	25
54	29
54	32
54	33
54	52
54	59
54	71
54	82
54	98
54	100
54	113
54	118
55	13
55	22
55	25
55	37
55	41
55	45
55	46
55	49
55	53
55	78
55	87
55	89
55	98
55	106
55	113
55	123
56	5
56	10
56	20
56	21
56	33
56	50
56	51
56	60
56	74
56	86
56	99
56	115
56	121
56	125
56	127
56	128
57	5
57	12
57	14
57	17
57	23
57	25
57	42
57	45
57	48
57	71
57	73
57	79
57	95
57	102
57	111
57	117
58	4
58	10
58	11
58	14
58	17
58	34
58	37
58	42
58	43
58	51
58	61
58	68
58	70
58	71
58	94
58	110
59	4
59	15
59	17
59	18
59	23
59	26
59	35
59	37
59	39
59	41
59	54
59	87
59	98
59	104
59	112
59	125
60	6
60	7
60	10
60	36
60	50
60	56
60	61
60	76
60	94
60	95
60	110
60	113
60	117
60	119
60	123
60	127
61	10
61	25
61	32
61	48
61	51
61	58
61	60
61	63
61	68
61	72
61	78
61	100
61	102
61	104
61	107
61	108
62	15
62	26
62	28
62	29
62	39
62	46
62	51
62	67
62	75
62	76
62	79
62	87
62	109
62	112
62	120
62	124
63	5
63	7
63	18
63	37
63	38
63	47
63	48
63	61
63	74
63	81
63	94
63	108
63	110
63	112
63	116
63	123
64	2
64	3
64	4
64	9
64	14
64	28
64	36
64	66
64	67
64	75
64	76
64	97
64	99
64	110
64	118
64	123
65	3
65	12
65	38
65	42
65	44
65	47
65	50
65	68
65	69
65	75
65	81
65	84
65	88
65	92
65	96
65	109
66	4
66	5
66	13
66	23
66	33
66	50
66	64
66	72
66	75
66	88
66	92
66	100
66	103
66	106
66	109
66	127
67	1
67	10
67	14
67	15
67	20
67	21
67	25
67	27
67	33
67	35
67	47
67	62
67	64
67	69
67	81
67	103
68	4
68	22
68	30
68	34
68	52
68	58
68	61
68	65
68	72
68	76
68	79
68	91
68	94
68	103
68	107
68	126
69	5
69	28
69	33
69	45
69	46
69	65
69	67
69	89
69	90
69	92
69	95
69	110
69	115
69	116
69	124
69	127
70	8
70	18
70	22
70	34
70	39
70	48
70	51
70	52
70	58
70	73
70	74
70	94
70	110
70	115
70	118
70	125
71	11
71	16
71	21
71	41
71	49
71	50
71	54
71	57
71	58
71	87
71	93
71	96
71	109
71	111
71	115
71	118
72	16
72	24
72	37
72	44
72	61
72	66
72	68
72	73
72	91
72	95
72	96
72	98
72	108
72	112
72	127
72	128
73	7
73	9
73	15
73	24
73	27
73	30
73	57
73	70
73	72
73	77
73	91
73	97
73	98
73	101
73	108
73	113
74	6
74	9
74	13
74	25
74	36
74	44
74	52
74	56
74	63
74	70
74	78
74	82
74	83
74	107
74	114
74	121
75	5
75	16
75	26
75	29
75	32
75	37
75	62
75	64
75	65
75	66
75	80
75	81
75	90
75	98
75	100
75	122
76	5
76	12
76	27
76	43
76	60
76	62
76	64
76	68
76	77
76	86
76	103
76	112
76	114
76	121
76	122
76	127
77	2
77	3
77	20
77	24
77	28
77	29
77	31
77	39
77	42
77	53
77	73
77	76
77	86
77	96
77	109
77	123
78	10
78	12
78	29
78	30
78	41
78	46
78	55
78	61
78	74
78	80
78	90
78	103
78	116
78	119
78	126
78	128
79	6
79	9
79	10
79	14
79	15
79	21
79	30
79	38
79	57
79	62
79	68
79	82
79	85
79	93
79	107
79	128
80	7
80	16
80	31
80	32
80	34
80	48
80	75
80	78
80	83
80	84
80	94
80	103
80	104
80	110
80	119
80	120
81	13
81	15
81	19
81	20
81	26
81	53
81	63
81	65
81	67
81	75
81	92
81	94
81	112
81	117
81	121
81	128
82	1
82	14
82	36
82	41
82	45
82	54
82	74
82	79
82	94
82	97
82	102
82	106
82	116
82	120
82	122
82	126
83	2
83	6
83	18
83	31
83	32
83	39
83	74
83	80
83	85
83	98
83	104
83	114
83	116
83	117
83	119
83	122
84	4
84	14
84	34
84	35
84	40
84	43
84	65
84	80
84	88
84	89
84	90
84	100
84	106
84	108
84	113
84	127
85	7
85	14
85	23
85	30
85	38
85	41
85	52
85	79
85	83
85	86
85	88
85	96
85	105
85	119
85	126
85	127
86	1
86	7
86	9
86	10
86	20
86	29
86	34
86	35
86	42
86	56
86	76
86	77
86	85
86	88
86	92
86	100
87	4
87	5
87	11
87	14
87	22
87	40
87	52
87	55
87	59
87	62
87	71
87	99
87	104
87	108
87	113
87	119
88	10
88	11
88	29
88	34
88	41
88	44
88	65
88	66
88	84
88	85
88	86
88	89
88	116
88	121
88	122
88	124
89	2
89	9
89	29
89	34
89	50
89	55
89	69
89	84
89	88
89	92
89	98
89	100
89	104
89	119
89	120
89	123
90	3
90	14
90	23
90	32
90	43
90	46
90	49
90	69
90	75
90	78
90	84
90	91
90	92
90	96
90	99
90	117
91	14
91	23
91	36
91	38
91	45
91	46
91	68
91	72
91	73
91	90
91	96
91	97
91	100
91	101
91	115
91	124
92	5
92	12
92	27
92	33
92	40
92	42
92	48
92	65
92	66
92	69
92	81
92	86
92	89
92	90
92	109
92	119
93	3
93	18
93	19
93	21
93	27
93	31
93	39
93	40
93	50
93	71
93	79
93	97
93	99
93	118
93	120
93	125
94	24
94	33
94	49
94	52
94	58
94	60
94	63
94	68
94	70
94	80
94	81
94	82
94	103
94	108
94	121
94	126
95	1
95	6
95	11
95	17
95	18
95	20
95	22
95	25
95	40
95	42
95	57
95	60
95	69
95	72
95	104
95	112
96	22
96	38
96	65
96	71
96	72
96	77
96	85
96	90
96	91
96	105
96	106
96	113
96	116
96	118
96	122
96	127
97	16
97	38
97	40
97	45
97	53
97	64
97	73
97	82
97	91
97	93
97	100
97	104
97	111
97	112
97	118
97	119
98	7
98	17
98	22
98	23
98	38
98	44
98	50
98	54
98	55
98	59
98	72
98	73
98	75
98	83
98	89
98	109
99	15
99	18
99	30
99	31
99	33
99	38
99	47
99	50
99	51
99	56
99	64
99	87
99	90
99	93
99	109
99	111
100	3
100	5
100	6
100	40
100	47
100	54
100	61
100	66
100	75
100	84
100	86
100	89
100	91
100	97
100	101
100	111
101	2
101	8
101	13
101	28
101	29
101	44
101	48
101	73
101	91
101	100
101	103
101	110
101	114
101	117
101	122
101	123
102	2
102	13
102	16
102	20
102	28
102	33
102	39
102	42
102	45
102	51
102	57
102	61
102	82
102	105
102	110
102	117
103	5
103	28
103	43
103	46
103	66
103	67
103	68
103	76
103	78
103	80
103	94
103	101
103	107
103	117
103	123
103	128
104	16
104	39
104	53
104	59
104	61
104	80
104	83
104	87
104	89
104	95
104	97
104	106
104	108
104	111
104	126
104	128
105	2
105	12
105	13
105	24
105	26
105	40
105	49
105	50
105	53
105	85
105	96
105	102
105	107
105	109
105	117
105	126
106	9
106	11
106	12
106	24
106	25
106	30
106	37
106	48
106	52
106	55
106	66
106	82
106	84
106	96
106	104
106	108
107	6
107	8
107	11
107	25
107	34
107	35
107	36
107	53
107	61
107	68
107	74
107	79
107	103
107	105
107	111
107	117
108	5
108	37
108	38
108	47
108	49
108	61
108	63
108	72
108	73
108	84
108	87
108	94
108	104
108	106
108	111
108	120
109	12
109	15
109	36
109	47
109	51
109	62
109	65
109	66
109	71
109	77
109	92
109	98
109	99
109	105
109	120
109	125
110	3
110	29
110	52
110	58
110	60
110	63
110	64
110	69
110	70
110	80
110	101
110	102
110	116
110	119
110	124
110	126
111	8
111	17
111	19
111	23
111	28
111	37
111	47
111	53
111	57
111	71
111	97
111	99
111	100
111	104
111	107
111	108
112	2
112	24
112	28
112	31
112	35
112	45
112	48
112	59
112	62
112	63
112	72
112	76
112	81
112	95
112	97
112	115
113	27
113	35
113	36
113	38
113	41
113	44
113	54
113	55
113	60
113	73
113	84
113	87
113	96
113	118
113	123
113	125
114	1
114	2
114	3
114	4
114	9
114	20
114	39
114	40
114	42
114	43
114	50
114	51
114	74
114	76
114	83
114	101
115	11
115	16
115	21
115	23
115	24
115	26
115	36
115	37
115	53
115	56
115	69
115	70
115	71
115	91
115	112
115	116
116	3
116	8
116	14
116	20
116	30
116	33
116	43
116	63
116	69
116	78
116	82
116	83
116	88
116	96
116	110
116	115
117	12
117	20
117	33
117	45
117	47
117	57
117	60
117	81
117	83
117	90
117	101
117	102
117	103
117	105
117	107
117	128
118	9
118	18
118	22
118	24
118	30
118	31
118	45
118	54
118	64
118	70
118	71
118	93
118	96
118	97
118	113
118	119
119	8
119	19
119	47
119	48
119	60
119	78
119	80
119	83
119	85
119	87
119	89
119	92
119	97
119	110
119	118
119	126
120	15
120	19
120	26
120	27
120	34
120	53
120	62
120	80
120	82
120	89
120	93
120	108
120	109
120	121
120	122
120	126
121	1
121	3
121	13
121	31
121	33
121	37
121	50
121	53
121	56
121	74
121	76
121	81
121	88
121	94
121	120
121	128
122	2
122	11
122	28
122	29
122	44
122	45
122	51
122	75
122	76
122	82
122	83
122	88
122	96
122	101
122	120
122	124
123	5
123	8
123	17
123	34
123	37
123	44
123	46
123	55
123	60
123	63
123	64
123	77
123	89
123	101
123	103
123	113
124	2
124	9
124	19
124	20
124	26
124	27
124	33
124	48
124	49
124	62
124	69
124	88
124	91
124	110
124	122
124	128
125	1
125	12
125	19
125	20
125	21
125	23
125	30
125	35
125	36
125	43
125	56
125	59
125	70
125	93
125	109
125	113
126	12
126	17
126	18
126	25
126	41
126	44
126	68
126	78
126	82
126	85
126	94
126	104
126	105
126	110
126	119
126	120
127	3
127	22
127	28
127	31
127	41
127	43
127	44
127	56
127	60
127	66
127	69
127	72
127	76
127	84
127	85
127	96
128	1
128	6
128	10
128	16
128	17
128	50
128	56
128	72
128	78
128	79
128	81
128	103
128	104
128	117
128	121
128	124
